t = 500
b = 37 37 37
E = 0 0 0
-1.3749268642 4.3487842762 1.9770564928 -0.3144437682 -0.8887630555 -0.3335046443 0.3209834998 -0.4301779709 0.8437514481 0.0000000000 0.0000000000 0.0000000000 0.0000207031 0.0000743096 -0.0000183400
-1.5999636503 4.1355006665 2.4158658533 0.2691298883 -0.8127360861 -0.5167486406 0.3209834998 -0.4301779709 0.8437514481 0.0000000000 0.0000000000 0.0000000000 0.0000208343 0.0000746803 -0.0000180925
-1.7636522559 3.7369538678 2.7368823535 0.7504566752 -0.4279370392 -0.5036711915 0.3209834998 -0.4301779709 0.8437514481 0.0000000000 0.0000000000 0.0000000000 0.0000202407 0.0000749488 -0.0000180618
-1.7562742124 3.2408587978 2.9430869395 0.9466723604 0.1194424270 -0.2992406201 0.3209834998 -0.4301779709 0.8437514481 0.0000000000 0.0000000000 0.0000000000 0.0000191768 0.0000748014 -0.0000183785
-1.5331022042 2.7719906287 3.0810796965 0.7832314083 0.6214436750 0.0188764364 0.3209834998 -0.4301779709 0.8437514481 0.0000000000 0.0000000000 0.0000000000 0.0000180756 0.0000740822 -0.0000190412
-1.1313925616 2.4447805546 3.2233753287 0.3222277455 0.8873481274 0.3298220442 0.3209834998 -0.4301779709 0.8437514481 0.0000000000 0.0000000000 0.0000000000 0.0000173845 0.0000728528 -0.0000199171
-0.6562311388 2.3198415658 3.4408538082 -0.2611955955 0.8161341980 0.5154627356 0.3209834998 -0.4301779709 0.8437514481 0.0000000000 0.0000000000 0.0000000000 0.0000173948 0.0000713684 -0.0000207924
-0.2406091971 2.3809403351 3.7758321223 -0.7453863990 0.4348572327 0.5052705249 0.3209834998 -0.4301779709 0.8437514481 0.0000000000 0.0000000000 0.0000000000 0.0000181316 0.0000699813 -0.0000214535
0.0051018672 2.5411648142 4.2259868725 -0.9463924309 -0.1116292453 0.3031175982 0.3209834998 -0.4301779709 0.8437514481 0.0000000000 0.0000000000 0.0000000000 0.0000193438 0.0000690066 -0.0000217683
0.0350827370 2.6759433761 4.7452372787 -0.7878481973 -0.6157058773 -0.0141947410 0.3209834998 -0.4301779709 0.8437514481 0.0000000000 0.0000000000 0.0000000000 0.0000205998 0.0000686029 -0.0000217360
-0.1145263792 2.6703718334 5.2612520152 -0.3299871845 -0.8858656242 -0.3261143266 0.3209834998 -0.4301779709 0.8437514481 0.0000000000 0.0000000000 0.0000000000 0.0000214514 0.0000687118 -0.0000214880
-0.3393561867 2.4628672134 5.7029287471 0.2532415177 -0.8194701142 -0.5141375941 0.3209834998 -0.4301779709 0.8437514481 0.0000000000 0.0000000000 0.0000000000 0.0000216038 0.0000690802 -0.0000212373
-0.5064594981 2.0685643350 6.0274080384 0.7402593730 -0.4417442902 -0.5068313751 0.3209834998 -0.4301779709 0.8437514481 0.0000000000 0.0000000000 0.0000000000 0.0000210281 0.0000693563 -0.0000211982
-0.5048206683 1.5735657672 6.2363550714 0.9460404343 0.1038076742 -0.3069714375 0.3209834998 -0.4301779709 0.8437514481 0.0000000000 0.0000000000 0.0000000000 0.0000199719 0.0000692235 -0.0000215046
-0.2875318971 1.1022301681 6.3753279606 0.7924049056 0.6099212954 0.0095120494 0.3209834998 -0.4301779709 0.8437514481 0.0000000000 0.0000000000 0.0000000000 0.0000188654 0.0000685204 -0.0000221589
1.6495281429 2.8669469608 7.6501346897 0.7820836783 -0.1172788662 0.6120382240 0.3399337560 0.9034303129 -0.2612636814 0.0000000000 0.0000000000 0.0000000000 0.0000255910 -0.0000383742 0.0000664849
1.6874011903 3.3507913482 7.8806731518 0.9397774631 -0.3368141979 0.0580905846 0.3399370108 0.9034323096 -0.2612525420 0.0000000000 0.0000000000 0.0000000000 0.0000272027 -0.0000387924 0.0000670979
1.9394989688 3.7578567335 8.1244494864 0.7404435177 -0.4283836631 -0.5179100639 0.3399365080 0.9034295165 -0.2612628548 0.0000000000 0.0000000000 0.0000000000 0.0000286693 -0.0000397162 0.0000671237
2.3603786923 4.0672733761 8.2501723080 0.2597981016 -0.3572022671 -0.8971685944 0.3399452158 0.9034285665 -0.2612548097 0.0000000000 0.0000000000 0.0000000000 0.0000296517 -0.0000408532 0.0000666334
2.8404795984 4.2952684685 8.1713896562 -0.3195415930 -0.1503225866 -0.9355727071 0.3399534135 0.9034220432 -0.2612666998 0.0000000000 0.0000000000 0.0000000000 0.0000299943 -0.0000418301 0.0000658941
3.2477414606 4.4889953309 7.8793334064 -0.7774879989 0.1136713482 -0.6185395995 0.3399345712 0.9034304951 -0.2612619908 0.0000000000 0.0000000000 0.0000000000 0.0000297847 -0.0000423342 0.0000652674
3.4777741216 4.7086329741 7.4462862654 -0.9400505106 0.3344849908 -0.0665193842 0.3399412082 0.9034262174 -0.2612681470 0.0000000000 0.0000000000 0.0000000000 0.0000293203 -0.0000422327 0.0000650723
3.4935182542 5.0045205503 6.9980891984 -0.7454827897 0.4281979798 0.5107855718 0.3399338759 0.9034382683 -0.2612360149 0.0000000000 0.0000000000 0.0000000000 0.0000289955 -0.0000416226 0.0000654636
3.3393372247 5.3980152313 6.6663036182 -0.2676730314 0.3592439794 0.8940329477 0.3399531215 0.9034303687 -0.2612382898 0.0000000000 0.0000000000 0.0000000000 0.0000291512 -0.0000407944 0.0000663735
3.1241347089 5.8734020342 6.5383273150 0.3118221696 0.1538231678 0.9376061900 0.3399159729 0.9034368764 -0.2612641224 0.0000000000 0.0000000000 0.0000000000 0.0000299462 -0.0000401213 0.0000675371
2.9800124617 6.3838587677 6.6240774492 0.7728498876 -0.1100824402 0.6249679253 0.3399637237 0.9034146810 -0.2612787416 0.0000000000 0.0000000000 0.0000000000 0.0000312962 -0.0000399175 0.0000685931
3.0120587939 6.8692127833 6.8522857066 0.9402598513 -0.3321159420 0.0749026915 0.3399217543 0.9034391533 -0.2612487269 0.0000000000 0.0000000000 0.0000000000 0.0000329061 -0.0000403191 0.0000692212
3.2584381579 7.2788710690 7.0975796934 0.7504471129 -0.4280073952 -0.5036256551 0.3399359869 0.9034334268 -0.2612500107 0.0000000000 0.0000000000 0.0000000000 0.0000343821 -0.0000412321 0.0000692634
3.6758803478 7.5909609828 7.2280648951 0.2755401190 -0.3612625319 -0.8908237906 0.3399542810 0.9034336923 -0.2612252866 0.0000000000 0.0000000000 0.0000000000 0.0000353811 -0.0000423682 0.0000687847
4.1561334744 7.8206898336 7.1554858088 -0.3040608154 -0.1572955650 -0.9395770994 0.3399337010 0.9034336418 -0.2612522416 0.0000000000 0.0000000000 0.0000000000 0.0000357414 -0.0000433543 0.0000680475
2.9173003422 8.5963319714 4.6345446908 0.2477221441 0.5898310864 -0.7685915878 -0.6721316328 -0.4667279100 -0.5748079037 0.0000000000 0.0000000000 0.0000000000 -0.0000454425 -0.0000354196 -0.0000473282
2.4380732526 8.7134903690 4.4217061847 0.6098129881 0.0913795567 -0.7872597387 -0.6721308617 -0.4667283361 -0.5748084595 0.0000000000 0.0000000000 0.0000000000 -0.0000454732 -0.0000342727 -0.0000466276
2.0978528363 8.8514796346 4.0294122046 0.7402283918 -0.4417932518 -0.5068339477 -0.6721305285 -0.4667294186 -0.5748079701 0.0000000000 0.0000000000 0.0000000000 -0.0000456795 -0.0000332009 -0.0000460717
1.9263676992 8.8887623916 3.5215862008 0.5894178820 -0.8071185613 -0.0338554046 -0.6721302685 -0.4667284639 -0.5748090494 0.0000000000 0.0000000000 0.0000000000 -0.0000462177 -0.0000323295 -0.0000458260
1.8892397437 8.7420618979 3.0060414772 0.2146778097 -0.8658072873 0.4519858175 -0.6721306583 -0.4667284350 -0.5748086170 0.0000000000 0.0000000000 0.0000000000 -0.0000471183 -0.0000317076 -0.0000459381
1.9010479688 8.3980006805 2.5935276045 -0.2416219291 -0.5955616605 0.7661104045 -0.6721303454 -0.4667285582 -0.5748088829 0.0000000000 0.0000000000 0.0000000000 -0.0000482738 -0.0000312897 -0.0000463198
1.8577788205 7.9181802551 2.3556489125 -0.6061263245 -0.0990511532 0.7891766265 -0.6721303504 -0.4667283279 -0.5748090640 0.0000000000 0.0000000000 0.0000000000 -0.0000494801 -0.0000309526 -0.0000467803
1.6763424589 7.4157830880 2.2976628335 -0.7403518331 0.4350883886 0.5124229281 -0.6721307249 -0.4667293224 -0.5748078186 0.0000000000 0.0000000000 0.0000000000 -0.0000505137 -0.0000305425 -0.0000470990
1.3261436621 7.0125647207 2.3564836861 -0.5933063016 0.8039325378 0.0409891099 -0.6721311586 -0.4667292228 -0.5748073923 0.0000000000 0.0000000000 0.0000000000 -0.0000512168 -0.0000299334 -0.0000471092
0.8407011693 6.7926020521 2.4246478556 -0.2208536819 0.8673485283 -0.4460158985 -0.6721304990 -0.4667285481 -0.5748087114 0.0000000000 0.0000000000 0.0000000000 -0.0000515570 -0.0000290747 -0.0000467612
0.3049148898 6.7703517609 2.3911421343 0.2355043192 0.6012442055 -0.7635726036 -0.6721314980 -0.4667282095 -0.5748078182 0.0000000000 0.0000000000 0.0000000000 -0.0000516399 -0.0000280109 -0.0000461416
-0.1771874004 6.8851543996 2.1835805518 0.6023921287 0.1067160415 -0.7910343923 -0.6721310868 -0.4667272354 -0.5748090899 0.0000000000 0.0000000000 0.0000000000 -0.0000516688 -0.0000268641 -0.0000454401
-0.5219755185 7.0242837358 1.7957026586 0.7404186326 -0.4283552625 -0.5179691281 -0.6721311245 -0.4667272812 -0.5748090087 0.0000000000 0.0000000000 0.0000000000 -0.0000518676 -0.0000257883 -0.0000448775
-0.6979856084 7.0657695357 1.2897532389 0.5971485215 -0.8006860797 -0.0481190710 -0.6721306901 -0.4667279519 -0.5748089720 0.0000000000 0.0000000000 0.0000000000 -0.0000523955 -0.0000249102 -0.0000446219
-0.7378757156 6.9247382202 0.7728344852 0.2270121660 -0.8688237664 0.4400122036 -0.6721303631 -0.4667284112 -0.5748089814 0.0000000000 0.0000000000 0.0000000000 -0.0000532868 -0.0000242815 -0.0000447246
-0.4654615381 5.8821501558 1.3008491616 -0.2270122779 0.8688237810 -0.4400121172 0.6721312507 0.4667282184 0.5748081002 0.0000000000 0.0000000000 0.0000000000 -0.0000546533 -0.0000253682 -0.0000461653
0.0185926607 6.1049467510 1.2320105311 -0.5971482658 0.8006862646 0.0481191685 0.6721313163 0.4667280766 0.5748081386 0.0000000000 0.0000000000 0.0000000000 -0.0000543085 -0.0000262235 -0.0000465085
0.3665262736 6.5102587142 1.1741393353 -0.7404182531 0.4283548687 0.5179699962 0.6721315563 0.4667286923 0.5748073581 0.0000000000 0.0000000000 0.0000000000 -0.0000536003 -0.0000268293 -0.0000464934
0.5456827493 7.0132137293 1.2343404930 -0.6023924332 -0.1067162463 0.7910341328 0.6721311201 0.4667265674 0.5748095934 0.0000000000 0.0000000000 0.0000000000 -0.0000525629 -0.0000272373 -0.0000461714
0.5875210942 7.4918440635 1.4748558835 -0.2355056890 -0.6012443286 0.7635720842 0.6721303059 0.4667282655 0.5748091666 0.0000000000 0.0000000000 0.0000000000 -0.0000513557 -0.0000275745 -0.0000457104
0.5756773134 7.8334204813 1.8894285286 0.2208519306 -0.8673491037 0.4460156466 0.6721313181 0.4667270542 0.5748089666 0.0000000000 0.0000000000 0.0000000000 -0.0000502025 -0.0000279946 -0.0000453313
0.6141770822 7.9772841521 2.4056698318 0.5933054815 -0.8039332026 -0.0409879413 0.6721304219 0.4667283635 0.5748089514 0.0000000000 0.0000000000 0.0000000000 -0.0000493066 -0.0000286198 -0.0000452239
0.7879206894 7.9378911931 2.9125681597 0.7403518728 -0.4350897653 -0.5124217018 0.6721306479 0.4667285815 0.5748085101 0.0000000000 0.0000000000 0.0000000000 -0.0000487735 -0.0000294946 -0.0000454746
1.1304280786 7.7993191741 3.3026604529 0.6061260245 0.0990509467 -0.7891768828 0.6721305219 0.4667285754 0.5748086625 0.0000000000 0.0000000000 0.0000000000 -0.0000485710 -0.0000305684 -0.0000460339
1.6111010660 7.6833274698 3.5128603238 0.2416232390 0.5955603521 -0.7661110085 0.6721315237 0.4667275211 0.5748083472 0.0000000000 0.0000000000 0.0000000000 -0.0000485412 -0.0000317152 -0.0000467349
2.1468522273 7.7030932100 3.5484250427 -0.2146762938 0.8658073006 -0.4519865120 0.6721322525 0.4667275215 0.5748074947 0.0000000000 0.0000000000 0.0000000000 -0.0000484606 -0.0000327812 -0.0000473571
2.6336688526 7.9202195834 3.4809599644 -0.5894177303 0.8071186809 0.0338551953 0.6721300776 0.4667282619 0.5748094366 0.0000000000 0.0000000000 0.0000000000 -0.0000481250 -0.0000336432 -0.0000477098
2.9861263563 8.3213288322 3.4212109906 -0.7402281373 0.4417916816 0.5068356882 0.6721308291 0.4667281641 0.5748086372 0.0000000000 0.0000000000 0.0000000000 -0.0000474271 -0.0000342557 -0.0000477046
3.1698499440 8.8231445637 3.4769960110 -0.6098153167 -0.0913783489 0.7872580751 0.6721303656 0.4667266957 0.5748103715 0.0000000000 0.0000000000 0.0000000000 -0.0000463972 -0.0000346678 -0.0000473892
3.2145654625 9.3041308508 3.7122361627 -0.2477214040 -0.5898320357 0.7685910978 0.6721305820 0.4667287152 0.5748084787 0.0000000000 0.0000000000 0.0000000000 -0.0000451918 -0.0000350049 -0.0000469292
3.7912590588 7.6319289247 6.0280014242 0.3040684506 0.1573069418 0.9395727238 -0.3399264062 -0.9034327961 0.2612646576 0.0000000000 0.0000000000 0.0000000000 0.0000328050 -0.0000409011 0.0000685871
4.0065225493 7.1574128147 6.1590843162 -0.2755308255 0.3612860499 0.8908171273 -0.3399279586 -0.9034328534 0.2612624396 0.0000000000 0.0000000000 0.0000000000 0.0000320189 -0.0000415788 0.0000674246
4.1589768927 6.7652506031 6.4932277368 -0.7504369950 0.4280161158 0.5036333202 -0.3399481358 -0.9034296658 0.2612472084 0.0000000000 0.0000000000 0.0000000000 0.0000318714 -0.0000424065 0.0000665205
4.1403644403 6.4706601137 6.9421827362 -0.9402519024 0.3321347617 -0.0749190238 -0.3399441908 -0.9034297322 0.2612521124 0.0000000000 0.0000000000 0.0000000000 0.0000322009 -0.0000430111 0.0000661374
3.9074241530 6.2517770004 7.3740503078 -0.7728517690 0.1100575035 -0.6249699905 -0.3399375734 -0.9034238702 0.2612809923 0.0000000000 0.0000000000 0.0000000000 0.0000326643 -0.0000431044 0.0000663401
3.4983111535 6.0579822937 7.6634645758 -0.3118099335 -0.1538234535 -0.9376102125 -0.3399234341 -0.9034349694 0.2612610093 0.0000000000 0.0000000000 0.0000000000 0.0000328679 -0.0000425922 0.0000669708
3.0181253013 5.8291217140 7.7391331727 0.2676746395 -0.3592744684 -0.8940202144 -0.3399473226 -0.9034230862 0.2612710186 0.0000000000 0.0000000000 0.0000000000 0.0000325164 -0.0000416107 0.0000677091
2.5989524549 5.5183736886 7.6110218370 0.7454720798 -0.4282090329 -0.5107919365 -0.3399366044 -0.9034329174 0.2612509691 0.0000000000 0.0000000000 0.0000000000 0.0000315257 -0.0000404741 0.0000681936
2.3497103705 5.1100135398 7.3664775856 0.9400509123 -0.3344873283 0.0665019511 -0.3399390876 -0.9034300698 0.2612575850 0.0000000000 0.0000000000 0.0000000000 0.0000300544 -0.0000395557 0.0000681596
2.3147491528 4.6254029381 7.1371029074 0.7775126594 -0.1136779629 0.6185073850 -0.3399385851 -0.9034220139 0.2612860946 0.0000000000 0.0000000000 0.0000000000 0.0000284436 -0.0000391458 0.0000675391
2.4570245010 4.1148828271 7.0487021787 0.3195475975 0.1503188242 0.9355712608 -0.3399442268 -0.9034265032 0.2612632312 0.0000000000 0.0000000000 0.0000000000 0.0000270876 -0.0000393416 0.0000664871
2.6721393644 3.6386300740 7.1735673629 -0.2598007589 0.3571918007 0.8971719920 -0.3399157955 -0.9034395348 0.2612551604 0.0000000000 0.0000000000 0.0000000000 0.0000262837 -0.0000400100 0.0000653224
2.8280286922 3.2437979798 7.5029521933 -0.7404416286 0.4283781090 0.5179173586 -0.3399315704 -0.9034321987 0.2612600041 0.0000000000 0.0000000000 0.0000000000 0.0000261196 -0.0000408387 0.0000644068
2.8151350822 2.9466169107 7.9503985973 -0.9397769602 0.3368126837 -0.0581074965 -0.3399401913 -0.9034323702 0.2612481941 0.0000000000 0.0000000000 0.0000000000 0.0000264398 -0.0000414541 0.0000640073
2.5880205000 2.7262157209 8.3845950590 -0.7820717600 0.1172609740 -0.6120568815 -0.3399393752 -0.9034222554 0.2612842315 0.0000000000 0.0000000000 0.0000000000 0.0000269050 -0.0000415639 0.0000641948
0.6633540088 1.8341357822 6.3867424429 -0.7924048704 -0.6099213405 -0.0095120858 -0.3209834998 0.4301779709 -0.8437514481 0.0000000000 0.0000000000 0.0000000000 0.0000209656 0.0000658098 -0.0000233084
0.6304278510 1.6981349252 5.8679893211 -0.9460404280 -0.1038075462 0.3069715003 -0.3209834998 0.4301779709 -0.8437514481 0.0000000000 0.0000000000 0.0000000000 0.0000197069 0.0000662216 -0.0000233364
0.3818517846 1.5384711923 5.4192103778 -0.7402594145 0.4417442348 0.5068313627 -0.3209834998 0.4301779709 -0.8437514481 0.0000000000 0.0000000000 0.0000000000 0.0000184986 0.0000672036 -0.0000230165
-0.0354664511 1.4795030692 5.0859636631 -0.2532414399 0.8194701465 0.5141375810 -0.3209834998 0.4301779709 -0.8437514481 0.0000000000 0.0000000000 0.0000000000 0.0000177708 0.0000685945 -0.0000223512
-0.5105109990 1.6073330869 4.8699148240 0.3299871837 0.8858656243 0.3261143270 -0.3209834998 0.4301779709 -0.8437514481 0.0000000000 0.0000000000 0.0000000000 0.0000177711 0.0000700777 -0.0000214743
-0.9103350377 1.9370963048 4.7282035564 0.7878481620 0.6157059216 0.0141947770 -0.3209834998 0.4301779709 -0.8437514481 0.0000000000 0.0000000000 0.0000000000 0.0000184705 0.0000713014 -0.0000206000
-1.1305690594 2.4072097148 4.5897279913 0.9463924309 0.1116292453 -0.3031175982 -0.3209834998 0.4301779709 -0.8437514481 0.0000000000 0.0000000000 0.0000000000 0.0000195744 0.0000720125 -0.0000199415
-1.1350728913 2.9027690287 4.3821567653 0.7453863578 -0.4348572885 -0.5052705376 -0.3209834998 0.4301779709 -0.8437514481 0.0000000000 0.0000000000 0.0000000000 0.0000206345 0.0000721526 -0.0000196300
-0.9696658740 3.2992025533 4.0594090733 0.2611956741 -0.8161341647 -0.5154627485 -0.3209834998 0.4301779709 -0.8437514481 0.0000000000 0.0000000000 0.0000000000 0.0000212191 0.0000718802 -0.0000196649
-0.7447192653 3.5095983125 3.6191617836 -0.3222277451 -0.8873481275 -0.3298220444 -0.3209834998 0.4301779709 -0.8437514481 0.0000000000 0.0000000000 0.0000000000 0.0000210773 0.0000715107 -0.0000199140
-0.5932245268 3.5177230509 3.1037314312 -0.7832313906 -0.6214436967 -0.0188764542 -0.3209834998 0.4301779709 -0.8437514481 0.0000000000 0.0000000000 0.0000000000 0.0000202340 0.0000713960 -0.0000201637
-0.6202674219 3.3841896968 2.5839982045 -0.9466723624 -0.1194424905 0.2992405884 -0.3209834998 0.4301779709 -0.8437514481 0.0000000000 0.0000000000 0.0000000000 0.0000189807 0.0000717917 -0.0000202001
-0.8631042457 3.2234293838 2.1324769049 -0.7504566343 0.4279370955 0.5036712046 -0.3209834998 0.4301779709 -0.8437514481 0.0000000000 0.0000000000 0.0000000000 0.0000177647 0.0000727590 -0.0000198905
-1.2770077378 3.1602173679 1.7957674692 -0.2691299280 0.8127360689 0.5167486469 -0.3209834998 0.4301779709 -0.8437514481 0.0000000000 0.0000000000 0.0000000000 0.0000170190 0.0000741423 -0.0000192335
-1.7522594010 3.2822685673 1.5768509037 0.3144437682 0.8887630555 0.3335046443 -0.3209834998 0.4301779709 -0.8437514481 0.0000000000 0.0000000000 0.0000000000 0.0000169980 0.0000756279 -0.0000183598
