t = 0
b = 37 37 37
E = 0 0 0
0 1.2000000476837158 0 0 -1 0 0 0 1 0 0 0 0 0 0
-0.3518234193325043 1.0860249996185303 0.38976284861564636 0.5863723261322196 -0.8100416625990852 0 0 0 1 0 0 0 0 0 0
-0.5699832439422607 0.7874009609222412 0.7795256972312927 0.9499720617906978 -0.3123348872878766 0 0 0 1 0 0 0 0 0 0
-0.5715968608856201 0.41758015751838684 1.1692885160446167 0.9526614674879678 0.3040331040588698 0 0 0 1 0 0 0 0 0 0
-0.35605132579803467 0.1170637235045433 1.5590513944625854 0.5934188910940413 0.8048937940453501 0 0 0 1 0 0 0 0 0 0
-0.005235921125859022 0.000022846161300549284 1.9488142728805542 0.008726535230316405 0.9999619230665105 0 0 0 1 0 0 0 0 0 0
0.34756869077682495 0.11092332005500793 2.3385770320892334 -0.5792811486988019 0.8151278125313823 0 0 0 1 0 0 0 0 0 0
0.5683261752128601 0.4076322019100189 2.728339910507202 -0.9472102740723086 0.320613001439215 0 0 0 1 0 0 0 0 0 0
0.5731670260429382 0.7774248123168945 3.118102788925171 -0.9552783700177725 -0.2957080245380364 0 0 0 1 0 0 0 0 0 0
0.36025214195251465 1.0798107385635376 3.5078656673431396 -0.6004202968437872 -0.799684604789925 0 0 0 1 0 0 0 0 0 0
0.010471443645656109 1.1999086141586304 3.8976285457611084 -0.017452406660992095 -0.9998476951524863 0 0 0 1 0 0 0 0 0 0
-0.34328752756118774 1.0920910835266113 4.287391185760498 0.5721459521617737 -0.8201518209605448 0 0 0 1 0 0 0 0 0 0
-0.5666258335113525 0.7973200082778931 4.677154064178467 0.9443763600705426 -0.32886667593405194 0 0 0 1 0 0 0 0 0 0
-0.574693500995636 0.4275836944580078 5.0669169425964355 0.9578224873920669 0.28736054469268 0 0 0 1 0 0 0 0 0 0
-0.36442551016807556 0.12335123121738434 5.456679821014404 0.6073758519513806 0.7944146111863344 0 0 0 1 0 0 0 0 0 0
1.7559542655944824 4.132936000823975 12.144652366638184 0.9803398020474616 0.16843859898074293 0.10277310394723 -0.040399764165645405 0.681163640744445 -0.7310156999566653 0 0 0 0 0 0
1.7839899063110352 4.668300151824951 12.10877799987793 0.9073645695952219 -0.2813477826044786 -0.31230267860974315 -0.04039225117393829 0.6811704780087853 -0.7310097440762225 0 0 0 0 0 0
2.018860101699829 5.139527320861816 12.001710891723633 0.48968111316156127 -0.624233925471149 -0.608723593845133 -0.04039684476302091 0.6811632856980188 -0.7310161921259145 0 0 0 0 0 0
2.3653528690338135 5.46846342086792 11.755888938903809 -0.1140540800168111 -0.7299718611787098 -0.6738937221244974 -0.040385437887098474 0.6811660398684365 -0.7310142560419866 0 0 0 0 0 0
2.6858484745025635 5.631006717681885 11.356454849243164 -0.6744475290296957 -0.5583868840271219 -0.4830368705722361 -0.04038247617178844 0.6811547321151333 -0.7310249561645595 0 0 0 0 0 0
2.85260009765625 5.666259288787842 10.846905708312988 -0.9786142586997927 -0.17465875378586854 -0.1086667032509155 -0.04039832173156443 0.6811645680543755 -0.7310149155992436 0 0 0 0 0 0
2.796278476715088 5.661700248718262 10.312590599060059 -0.9109905688675555 0.2754269534526042 0.30697911451136967 -0.04039453735744587 0.6811578915333423 -0.7310213458945845 0 0 0 0 0 0
2.5322983264923096 5.719934463500977 9.848261833190918 -0.4972638248756117 0.6208578152828353 0.6060233177628577 -0.04038859685055704 0.6811833577060097 -0.7309979442028615 0 0 0 0 0 0
2.154963254928589 5.919682502746582 9.522055625915527 0.10539574712149906 0.7304246896219925 0.6748122029715505 -0.04037139927785746 0.6811751217393937 -0.7310065688102059 0 0 0 0 0 0
1.8016546964645386 6.285939693450928 9.349685668945312 0.6679956786170861 0.5624979563054183 0.48721434964615556 -0.040416670881684734 0.6811694343779725 -0.7310093668237327 0 0 0 0 0 0
1.600614309310913 6.780423164367676 9.288372993469238 0.9768227157354913 0.18082935137537698 0.11453439528936298 -0.04037758756121789 0.681142590041868 -0.7310365397528308 0 0 0 0 0 0
1.622239112854004 7.316116809844971 9.25317096710205 0.9145317465086932 -0.269490911113531 -0.3016725599966929 -0.04040508016844814 0.6811784433681489 -0.7310016127117143 0 0 0 0 0 0
1.8523352146148682 7.790394306182861 9.14920711517334 0.5047979308510375 -0.6174604953596358 -0.603259136423763 -0.040392203018422126 0.681172637443837 -0.7310077345234629 0 0 0 0 0 0
2.197496175765991 8.12391471862793 8.907727241516113 -0.09671517783033394 -0.7308232586816651 -0.6756800566445329 -0.04036511274024491 0.6811840094149192 -0.730998634055415 0 0 0 0 0 0
2.5206143856048584 8.290833473205566 8.512228965759277 -0.6614853553259343 -0.5665557382235362 -0.4913773704346857 -0.04039524499813261 0.6811718294728881 -0.7310083193193493 0 0 0 0 0 0
1.2118124961853027 8.634476661682129 3.8267266750335693 0.8127497028985774 0.5697641162082508 -0.12168308148508053 -0.12567348861637107 -0.03249148974145289 -0.9915394482083767 0 0 0 0 0 0
1.0553114414215088 8.975655555725098 3.4422929286956787 0.9919469006201422 -0.019972351268473708 -0.12506978665889862 -0.12567263583163904 -0.03249208127352485 -0.9915395369109813 0 0 0 0 0 0
1.1249244213104248 9.31228256225586 3.0293500423431396 0.794287403216942 -0.6021264075325014 -0.08094016581951695 -0.12567293350100017 -0.03249327624481333 -0.9915394600237207 0 0 0 0 0 0
1.3755948543548584 9.5116548538208 2.5979576110839844 0.2948661612435979 -0.9555193436572953 -0.006060598171480297 -0.12567183151514116 -0.032492327306701735 -0.9915396307913387 0 0 0 0 0 0
1.6934804916381836 9.493216514587402 2.165182113647461 -0.3165800869714503 -0.9458957667547492 0.0711213538158118 -0.1256724009153325 -0.032492223226173074 -0.9915395620337075 0 0 0 0 0 0
1.9392014741897583 9.259160995483398 1.7486194372177124 -0.807752540310119 -0.5769109233550596 0.12128322281404803 -0.12567201796377103 -0.03249241131561829 -0.9915396044071112 0 0 0 0 0 0
2.0007951259613037 8.893597602844238 1.3597033023834229 -0.9920465674691484 0.0112533566256088 0.12536733999466299 -0.12567185487913135 -0.03249216960332307 -0.9915396329979491 0 0 0 0 0 0
1.8362517356872559 8.530601501464844 0.9993649125099182 -0.7994459890423784 0.595139538954365 0.0818232227258183 -0.12567315979192303 -0.032493138429713 -0.9915394358586559 0 0 0 0 0 0
1.489475131034851 8.303267478942871 0.6576788425445557 -0.3031213928150041 0.9529248121856831 0.007191907867340814 -0.12567374323008765 -0.032492952130768867 -0.9915393680153934 0 0 0 0 0 0
1.073602318763733 8.29315185546875 0.3176320493221283 0.3083631421603669 0.9486770707748942 -0.07017113325970913 -0.12567224330811275 -0.03249237166250328 -0.9915395771453869 0 0 0 0 0 0
0.7280212044715881 8.499287605285645 -0.03841063380241394 0.8026953426488587 0.5840113227179374 -0.12087581158807797 -0.12567350628366186 -0.032491828471499014 -0.9915394348693092 0 0 0 0 0 0
0.565414547920227 8.838547706604004 -0.42200642824172974 0.9920705803857177 -0.002532012523016984 -0.1256564858880293 -0.12567216093749112 -0.03249088782581836 -0.9915396362090582 0 0 0 0 0 0
0.628949761390686 9.177231788635254 -0.8342459797859192 0.8045400449552822 -0.5881122963660083 -0.08269971539523593 -0.12567225200124998 -0.03249092858654449 -0.9915396233315733 0 0 0 0 0 0
0.8758799433708191 9.381855964660645 -1.2653374671936035 0.31135227404400034 -0.9502581153894263 -0.008323195550119521 -0.12567209092791612 -0.032491712154152544 -0.9915396180703508 0 0 0 0 0 0
1.193783164024353 9.369868278503418 -1.6983269453048706 -0.3001232462059009 -0.9513859757429369 0.06921533245236869 -0.12567193594443957 -0.032492254300495696 -0.9915396199479114 0 0 0 0 0 0
0.8336350321769714 8.228205680847168 -1.615268588066101 0.3001231106162782 0.9513860182906902 -0.06921533554780732 0.12567313809513087 0.03249188455145532 0.9915394796979176 0 0 0 0 0 0
1.2495026588439941 8.241546630859375 -1.2753249406814575 -0.3113521387052276 0.9502581571195948 0.00832349393897173 0.12567313236555833 0.032491723863756906 0.9915394856896977 0 0 0 0 0 0
1.5943979024887085 8.471498489379883 -0.9334856867790222 -0.8045404684101661 0.5881116255719403 0.08270036612663981 0.12567395255929023 0.0324923221223178 0.9915393621290205 0 0 0 0 0 0
1.755898118019104 8.835509300231934 -0.5727936029434204 -0.9920706368763458 0.0025320035396429307 0.12565604006905934 0.12567171617313996 0.032490183106567254 0.9915397156724484 0 0 0 0 0 0
1.6912555694580078 9.20009994506836 -0.18346071243286133 -0.8026959280874963 -0.5840107729240223 0.12087458020791232 0.12567174124041525 0.0324921127736099 0.9915396492632603 0 0 0 0 0 0
1.4436386823654175 9.431564331054688 0.23342694342136383 -0.30836425233625137 -0.9486768187587212 0.07016966175589713 0.12567237714694146 0.03249065464224882 0.9915396164466427 0 0 0 0 0 0
1.1257307529449463 9.44677734375 0.6663093566894531 0.30311989221841473 -0.9529252896264825 -0.007191893476774979 0.12567198966301352 0.0324921932584826 0.9915396151397042 0 0 0 0 0 0
0.8769187331199646 9.244771003723145 1.0975524187088013 0.799444918211083 -0.5951410150424836 -0.08182294886324411 0.1256724938234685 0.03249237837194959 0.9915395451740312 0 0 0 0 0 0
0.810340166091919 8.90710163116455 1.5101444721221924 0.9920465115167152 -0.011253369513520734 -0.12536778159522471 0.12567229829152587 0.03249239584580276 0.9915395693840592 0 0 0 0 0 0
0.969897985458374 8.566868782043457 1.8941594362258911 0.8077536513436128 0.5769093326856516 -0.1212833896345977 0.125673034800109 0.03249110379723766 0.9915395183744155 0 0 0 0 0 0
1.3135833740234375 8.358141899108887 2.2505276203155518 0.3165816188042906 0.9458952881105318 -0.0711209010456781 0.125674139596086 0.03249096613778757 0.9915393828568873 0 0 0 0 0 0
1.7294337749481201 8.365031242370605 2.590684652328491 -0.2948658891323759 0.9555194276253736 0.00606059870406688 0.12567139244200737 0.032492152226172084 0.9915396921784818 0 0 0 0 0 0
2.0780694484710693 8.58973217010498 2.9322216510772705 -0.794288725166201 0.6021245736287889 0.08094083583828783 0.12567245896064524 0.032491907678229154 0.991539565017057 0 0 0 0 0 0
2.2456471920013428 8.95168685913086 3.292210340499878 -0.991947108686967 0.019974697638472528 0.12506776172066877 0.1256706677273726 0.03249046020688936 0.9915398394762063 0 0 0 0 0 0
2.187110424041748 9.318195343017578 3.6807076930999756 -0.8127490034816031 -0.5697651743827074 0.12168279829254457 0.12567249301280403 0.03249253069644441 0.9915395402851505 0 0 0 0 0 0
1.7268359661102295 7.610964775085449 7.922585487365723 0.6614872045274078 0.5665637903796977 0.4913655967577559 0.04040706898887357 -0.6811654683162238 0.7310135932725655 0 0 0 0 0 0
2.081444263458252 7.246901035308838 8.096933364868164 0.09671456986989407 0.7308410497886693 0.6756609000961038 0.04040472230650673 -0.681166519049073 0.7310127438984242 0 0 0 0 0 0
2.458096742630005 7.049430847167969 8.425298690795898 -0.5047877321819204 0.6174716649438255 0.6032562377880017 0.04037965347723884 -0.6811704652770211 0.7310104519220945 0 0 0 0 0 0
2.71968150138855 6.992722034454346 8.891182899475098 -0.9145369262999746 0.2695001169923411 0.3016486323106886 0.0403853244848899 -0.6811683183140367 0.7310121392230622 0 0 0 0 0 0
2.7727959156036377 6.997438907623291 9.425820350646973 -0.9768195221226622 -0.18085245833185704 -0.11452514796051325 0.04040308941992578 -0.6811499662825876 0.7310282578659699 0 0 0 0 0 0
2.6032471656799316 6.960935115814209 9.934358596801758 -0.6679870408575047 -0.5625001567051896 -0.4872236518818349 0.040408407433839326 -0.6811690947523874 0.7310101401231547 0 0 0 0 0 0
2.2814266681671143 6.796199798583984 10.331819534301758 -0.10538138868358249 -0.7304460037712686 -0.6747913740510496 0.04038993217188909 -0.6811537402083228 0.7310254684888642 0 0 0 0 0 0
1.9355850219726562 6.464972972869873 10.575469017028809 0.49725426635069986 -0.6208704600796476 -0.6060182063242935 0.04039200499733498 -0.6811717409169162 0.731008580872012 0 0 0 0 0 0
1.703094244003296 5.992218017578125 10.680978775024414 0.9109833213445208 -0.27543700206942756 -0.3069916059489438 0.04039231224704665 -0.6811661629941231 0.7310137615005624 0 0 0 0 0 0
1.6782647371292114 5.45667839050293 10.716521263122559 0.9786218189690592 0.1746379317633272 0.10863207733960172 0.0404041762963055 -0.6811459746887527 0.7310319170208139 0 0 0 0 0 0
1.8765065670013428 4.960943698883057 10.776812553405762 0.6744528509597272 0.5583828235494206 0.4830341335736769 0.04038973326960466 -0.6811603652342871 0.731019306366325 0 0 0 0 0 0
2.228489398956299 4.592495441436768 10.947213172912598 0.11405581466311424 0.7299641279069868 0.6739018052435574 0.040413256858000846 -0.6811758956794083 0.7310035347489678 0 0 0 0 0 0
2.6064724922180176 4.390445709228516 11.271239280700684 -0.48967481427712567 0.6242323019685789 0.6087303257121921 0.040400351095572086 -0.6811670177075295 0.7310125208358504 0 0 0 0 0 0
2.872835397720337 4.330692768096924 11.734025955200195 -0.9073716779956261 0.28133870342862854 0.3122902046566624 0.040387521617311295 -0.6811724905149057 0.7310081300938669 0 0 0 0 0 0
2.932361125946045 4.335072040557861 12.267993927001953 -0.980334192223121 -0.16846314413187635 -0.10278638347292564 0.04040268849308259 -0.6811470339128972 0.731031012306724 0 0 0 0 0 0
0.36442551016807556 1.0766488313674927 5.456679821014404 -0.607375798026885 -0.7944146524147225 0 0 0 -1 0 0 0 0 0 0
0.574693500995636 0.7724162936210632 5.0669169425964355 -0.957822528406073 -0.2873604079858566 0 0 0 -1 0 0 0 0 0 0
0.5666258335113525 0.40268000960350037 4.677154064178467 -0.9443763832100995 0.32886660948629454 0 0 0 -1 0 0 0 0 0 0
0.34328752756118774 0.10790887475013733 4.287391185760498 -0.5721458822385872 0.8201518697396407 0 0 0 -1 0 0 0 0 0 0
-0.010471443645656109 0.00009138290624832734 3.8976285457611084 0.017452405752884734 0.9998476951683375 0 0 0 -1 0 0 0 0 0 0
-0.36025214195251465 0.12018920481204987 3.5078656673431396 0.6004202431831912 0.7996846450794448 0 0 0 -1 0 0 0 0 0 0
-0.5731670260429382 0.4225751757621765 3.118102788925171 0.9552783700177725 0.2957080245380364 0 0 0 -1 0 0 0 0 0 0
-0.5683261752128601 0.7923678159713745 2.728339910507202 0.9472102514457935 -0.3206130682863637 0 0 0 -1 0 0 0 0 0 0
-0.34756869077682495 1.0890766382217407 2.3385770320892334 0.5792812190603315 -0.8151277625280448 0 0 0 -1 0 0 0 0 0 0
0.005235921125859022 1.199977159500122 1.9488142728805542 -0.008726534846748492 -0.9999619230698579 0 0 0 -1 0 0 0 0 0 0
0.35605132579803467 1.0829362869262695 1.5590513944625854 -0.593418864403872 -0.8048938137230396 0 0 0 -1 0 0 0 0 0 0
0.5715968608856201 0.7824198603630066 1.1692885160446167 -0.9526614459080566 -0.3040331716776493 0 0 0 -1 0 0 0 0 0 0
0.5699832439422607 0.4125990569591522 0.7795256972312927 -0.9499720396841224 0.3123349545254076 0 0 0 -1 0 0 0 0 0 0
0.3518234193325043 0.11397501826286316 0.38976284861564636 -0.5863723615214341 0.8100416369815668 0 0 0 -1 0 0 0 0 0 0
0 0 0 0 1 0 0 0 -1 0 0 0 0 0 0
